image: myrooom.pgm
resolution: 0.050000
origin: [-11.453709, -8.870763, 0.000000]
negate: 0
occupied_thresh: 0.65
free_thresh: 0.196

