%YAML:1.0
---
camera_matrix: !!opencv-matrix
   rows: 3
   cols: 3
   dt: d
   data: [ 781.33379113, 0., 347.53500524, 0.,
       783.79074192, 246.67627253, 0., 0., 1. ]
dist_coeff: !!opencv-matrix
   rows: 1
   cols: 5
   dt: d
   data: [ 3.41360787e-01, -2.52114260e+00,
       -1.28012469e-03, 6.70503562e-03,
       2.57018000e+00 ]

